17 15
-1.000000000000000 -0.700000000000000 -0.450000000000000 -0.300000000000000 -0.250000000000000 -0.179515390000000 -0.164719610000000 -0.100000000000000 0.000000000000000 0.100000000000000 0.164719610000000 0.179515390000000 0.250000000000000 0.300000000000000 0.450000000000000 0.700000000000000 1.000000000000000 
0.292756088807408 -1.410382348369594 -0.956446403470765 -0.513289547349661 -0.335314245468633 -0.268102377597770 -0.195631671585474 -0.172392278685537 -0.109376093903361 0.000000000000000 0.109376093903361 0.172392278685537 0.195631671585474 0.268102377597770 0.335314245468633 0.513289547349661 0.956446403470765 1.410382348369594
0.213216172487521 -1.473589904853373 -0.762191185857725 -0.507482936674398 -0.333336900307725 -0.282926466859009 -0.198912527626967 -0.171971771028042 -0.100855388253563 0.000000000000000 0.100855388253563 0.171971771028042 0.198912527626967 0.282926466859009 0.333336900307725 0.507482936674398 0.762191185857725 1.473589904853373
0.162431341793618 -2.000000000000000 -0.552432287863080 -0.521153244776600 -0.327212522979870 -0.277144879609422 -0.187525441159859 -0.167710760807543 -0.115894573251009 0.000000000000000 0.115894573251009 0.167710760807543 0.187525441159859 0.277144879609422 0.327212522979870 0.521153244776600 0.552432287863080 2.000000000000000
0.134353196572276 -1.995776613468029 -1.392693208336811 -0.510492743944273 -0.335443661527726 -0.277694690003368 -0.187332462724138 -0.200313092836618 -0.105796960873666 0.000000000000000 0.105796960873666 0.200313092836618 0.187332462724138 0.277694690003368 0.335443661527726 0.510492743944273 1.392693208336811 1.995776613468029
0.104297780411686 -1.657819014707817 -0.769223907558377 -0.505169801185937 -0.328153435591790 -0.261352014639810 -0.192217015856645 -0.179419699120381 -0.117196607891751 0.000000000000000 0.117196607891751 0.179419699120381 0.192217015856645 0.261352014639810 0.328153435591790 0.505169801185937 0.769223907558377 1.657819014707817
0.046301809929161 -0.891448403875197 -0.919196855675150 -0.507177677253492 -0.338861253377250 -0.293960482981850 -0.189578349283124 -0.177617172168004 -0.092612362968651 0.000000000000000 0.092612362968651 0.177617172168004 0.189578349283124 0.293960482981850 0.338861253377250 0.507177677253492 0.919196855675150 0.891448403875197
0.044097187997192 -1.077077988194134 -0.581876051282730 -0.522474314632479 -0.332992258566667 -0.268196153438055 -0.192846394896131 -0.185626504792880 -0.102952404255191 0.000000000000000 0.102952404255191 0.185626504792880 0.192846394896131 0.268196153438055 0.332992258566667 0.522474314632479 0.581876051282730 1.077077988194134
0.000713556147059 1.530424494630780 0.606537993119935 0.630662230966771 -1.442191996878824 -1.503062089751493 -0.301883308197374 -0.110578331265626 2.000000000000000 0.000000000000000 -2.000000000000000 0.110578331265626 0.301883308197374 1.503062089751493 1.442191996878824 -0.630662230966771 -0.606537993119935 -1.530424494630780
0.000648535281374 -0.948620539341293 -1.362794097020285 -0.532523406714034 -0.322488177740736 -0.261818128699628 -0.188128806529398 -0.186376636480040 -0.124982405788848 0.000000000000000 0.124982405788848 0.186376636480040 0.188128806529398 0.261818128699628 0.322488177740736 0.532523406714034 1.362794097020285 0.948620539341293
0.000347802825204 0.248331837959827 -0.325507181398420 -1.433600183968016 0.282515805419404 2.000000000000000 -0.519899694507957 -0.880576829260202 -1.560484313247044 0.000000000000000 1.560484313247044 0.880576829260202 0.519899694507957 -2.000000000000000 -0.282515805419404 1.433600183968016 0.325507181398420 -0.248331837959827
0.000347307733138 0.183419143439118 0.198859559977590 0.793213343139382 -1.461818653109247 -1.498988692046867 -0.514797357169406 0.273909696239320 2.000000000000000 0.000000000000000 -2.000000000000000 -0.273909696239320 0.514797357169406 1.498988692046867 1.461818653109247 -0.793213343139382 -0.198859559977590 -0.183419143439118
0.000259281149002 -0.012765967873106 -1.394289825573787 -1.382004124439364 0.270609649534609 2.000000000000000 -0.469518422569311 -0.977311927631290 -1.524239387270670 0.000000000000000 1.524239387270670 0.977311927631290 0.469518422569311 -2.000000000000000 -0.270609649534609 1.382004124439364 1.394289825573787 0.012765967873106
0.000161519610696 0.263972816271351 1.925657550051319 -1.526863013993129 0.334539350935507 2.000000000000000 -0.470133873005290 -0.977370494535222 -1.655528095458048 0.000000000000000 1.655528095458048 0.977370494535222 0.470133873005290 -2.000000000000000 -0.334539350935507 1.526863013993129 -1.925657550051319 -0.263972816271351
0.000064704786903 -1.606513724305468 -0.039322699112879 0.540160391980821 -1.406669544421709 -1.393480138045027 -0.567850767198948 0.013548693128644 2.000000000000000 0.000000000000000 -2.000000000000000 -0.013548693128644 0.567850767198948 1.393480138045027 1.406669544421709 -0.540160391980821 0.039322699112879 1.606513724305468
0.000003714467761 -1.108728782160401 -1.913046234563948 -0.514899203489287 -0.333293999910434 -0.264033844384668 -0.191870601672143 -0.181772284935021 -0.112658222039836 0.000000000000000 0.112658222039836 0.181772284935021 0.191870601672143 0.264033844384668 0.333293999910434 0.514899203489287 1.913046234563948 1.108728782160401
